0.7440146
0.713051
0.6752126
0.650928
0.6812906
0.6921817
0.7140865
0.63830817
0.64096946
0.7630587
0.727895
0.6210158
0.59859633
0.64590526
0.7136868
0.68911296
0.7458141
0.64722407
0.66268235
0.75236607
0.7060627
0.7190116
0.68119764
0.71819955
0.6872118
0.5897909
0.65109473
0.67282325
0.5820361
0.7093156
0.6571724
0.6507112
0.675467
0.6428956
0.67150253
0.6631703
0.5292245
0.6479077
0.58005434
0.7777796
0.6220598
0.6829649
0.5832341
0.62191653
0.708509
0.65623575
0.73149127
0.67200005
0.7144476
0.70187163
0.63892543
0.5664359
0.663666
0.57463115
0.7046699
0.7045272
0.7122922
0.61629736
0.69173884
0.58066106
0.6410432
0.7966799
0.77462614
0.7739166
0.67818046
0.5929539
0.6667083
0.571722
0.6318378
0.6305136
0.652643
0.69900686
0.6435609
0.688758
0.70112777
0.63190955
0.6620561
0.62381023
0.663961
0.6799924
0.74783254
0.7453775
0.65832835
0.73707044
0.6328443
0.65529794
0.7219384
0.7598065
0.6914046
0.70957077
0.7220521
0.7488888
0.7657646
0.63564336
0.6430686
0.63183093
0.73998845
0.7136842
0.6579195
0.6085844
0.7638986
0.79397607
0.60669607
0.60995823
0.6589372
0.6414652
0.6953792
0.73597014
0.6566315
0.75957555
0.6519252
0.6544783
0.67149025
0.63044274
0.593208
0.6228461
0.6674173
0.69196755
0.7647038
0.6632788
0.668329
0.65082973
0.68035567
0.66800207
0.63540083
0.6069359
0.76429045
0.7332639
0.6593894
0.73561156
0.64699346
0.59858704
0.7264684
0.8185156
0.6950933
0.6799604
0.66369957
0.7009391
0.6808471
0.749571
0.6713713
0.63605183
0.7522934
0.70772874
0.68881273
0.642549
0.59386367
0.6332334
0.6997384
0.6582216
0.6235899
0.8189572
0.6303115
0.6233835
0.73478615
0.62483954
0.6355671
0.7231724
0.7373439
0.7405262
0.6774124
0.6076967
0.6499245
0.6516588
0.7183099
0.6668269
0.69841444
0.7619737
0.635657
0.82156426
0.6028004
0.7451094
0.72637254
0.7119875
0.7676879
0.7630908
0.63487
0.7464714
0.7547642
0.6726642
0.64103496
0.62466234
0.7263976
0.7500663
0.6771585
0.61565566
0.7451739
0.6495229
0.7400459
0.59047943
0.627994
0.71521384
0.78565454
0.6199846
0.7625159
0.63535196
0.79852444
0.6186124
0.62146455
0.7538248
